8 11 11 75
2 10 2 2 10 10
7 2 9 7 11 9
7 11 4 7 11 10
2 6 6 6 6 6
5 7 2 5 11 2
1 5 7 1 5 3
2 9 7 2 9 9
7 7 7 7 7 11
7 11 11 7 1 11
6 6 9 3 6 9
8 7 6 4 7 6
1 2 10 6 2 10
5 6 8 5 8 8
8 9 2 7 9 2
4 3 7 4 2 7
3 11 2 3 6 2
8 1 7 8 1 11
1 6 8 1 8 8
6 6 11 7 6 11
6 2 5 6 2 8
8 7 11 8 7 8
6 1 3 6 1 4
4 2 10 1 2 10
2 5 5 2 3 5
5 2 1 5 3 1
7 6 2 5 6 2
7 4 7 1 4 7
8 10 11 3 10 11
5 2 2 5 2 1
7 8 9 7 7 9
1 5 4 1 5 1
6 8 8 6 2 8
1 9 1 1 1 1
1 9 4 1 2 4
1 5 8 1 5 5
1 5 10 4 5 10
3 1 10 1 1 10
1 4 11 1 11 11
8 1 8 8 5 8
3 4 3 3 4 8
3 9 4 3 9 5
1 9 6 1 1 6
7 6 7 7 4 7
4 9 3 4 9 5
2 10 11 3 10 11
2 9 10 3 9 10
1 1 5 2 1 5
8 11 10 8 11 8
4 6 9 4 3 9
4 4 10 4 4 4
2 3 6 6 3 6
8 11 4 8 11 1
5 2 5 5 10 5
3 8 5 7 8 5
8 3 11 2 3 11
1 8 2 1 8 7
6 7 5 6 9 5
5 6 6 5 6 2
5 2 2 5 9 2
6 3 5 6 5 5
6 5 5 7 5 5
1 7 3 3 7 3
1 8 5 8 8 5
5 9 5 5 9 1
7 3 7 7 2 7
6 2 5 1 2 5
1 9 6 1 7 6
7 11 9 3 11 9
8 4 10 8 4 3
2 3 6 2 10 6
4 1 6 4 4 6
8 8 10 8 4 10
6 3 9 4 3 9
7 10 7 7 7 7
4 4 6 4 7 6
